{
  "BHZ": {
    "CT": {
      "model": "BHZ",
      "loop": "CT",
      "input_a": "+",
      "input_b": "+",
      "pauli_expectations": {
        "II": 1.0,
        "IX": 0.9645182291666666,
        "IY": 0.18961588541666666,
        "IZ": 0.009602864583333334,
        "XI": 0.9820963541666666,
        "XX": 0.9765625,
        "XY": 0.19580078125,
        "XZ": 0.0107421875,
        "YI": 0.022786458333333332,
        "YX": 0.00830078125,
        "YY": 0.005859375,
        "YZ": 0.14404296875,
        "ZI": 0.00048828125,
        "ZX": -0.03857421875,
        "ZY": 0.17724609375,
        "ZZ": -0.0048828125
      },
      "density_matrix_real": [
        [
          0.25039077011199257,
          0.22993871986680975,
          0.24653617484614052,
          0.23860350377060519
        ],
        [
          0.22993871986680975,
          0.2489716551949222,
          0.2416073507741244,
          0.24032232355061986
        ],
        [
          0.24653617484614052,
          0.2416073507741244,
          0.25351654952043906,
          0.247498868540168
        ],
        [
          0.23860350377060519,
          0.24032232355061986,
          0.247498868540168,
          0.2471210251726461
        ]
      ],
      "density_matrix_imag": [
        [
          0.0,
          -0.08929923586128471,
          -0.04296245165166474,
          -0.05031789732317547
        ],
        [
          0.08929923586128471,
          0.0,
          0.04524259477000424,
          0.0325981935104219
        ],
        [
          0.04296245165166474,
          -0.04524259477000424,
          0.0,
          -0.0054240882568488274
        ],
        [
          0.05031789732317547,
          -0.0325981935104219,
          0.0054240882568488274,
          0.0
        ]
      ],
      "ideal_density_matrix_real": [
        [
          0.24999999999999992,
          0.23397420591948362,
          0.24596092319703025,
          0.24596092319703025
        ],
        [
          0.23397420591948362,
          0.24999999999999992,
          0.24596092319703025,
          0.24596092319703025
        ],
        [
          0.24596092319703025,
          0.24596092319703025,
          0.2499999999999999,
          0.2499999999999999
        ],
        [
          0.24596092319703025,
          0.24596092319703025,
          0.2499999999999999,
          0.2499999999999999
        ]
      ],
      "ideal_density_matrix_imag": [
        [
          3.0110703375030944e-18,
          -0.08806855831877246,
          -0.04475739335645603,
          -0.04475739335645603
        ],
        [
          0.08806855831877246,
          -3.0110703375030944e-18,
          0.04475739335645603,
          0.04475739335645603
        ],
        [
          0.04475739335645603,
          -0.04475739335645603,
          0.0,
          0.0
        ],
        [
          0.04475739335645603,
          -0.04475739335645603,
          0.0,
          0.0
        ]
      ],
      "concurrence": 0.15655382640078427,
      "state_fidelity": 0.9881182292269911
    },
    "CB": {
      "model": "BHZ",
      "loop": "CB",
      "input_a": "+",
      "input_b": "+",
      "pauli_expectations": {
        "II": 1.0,
        "IX": 0.9694010416666666,
        "IY": 0.16471354166666666,
        "IZ": 0.011393229166666666,
        "XI": 0.9847005208333334,
        "XX": 0.9853515625,
        "XY": 0.177734375,
        "XZ": -0.009765625,
        "YI": 0.0003255208333333333,
        "YX": -0.0087890625,
        "YY": 0.0,
        "YZ": -0.21630859375,
        "ZI": -0.0003255208333333333,
        "ZX": 0.0419921875,
        "ZY": -0.171875,
        "ZZ": -0.00927734375
      },
      "density_matrix_real": [
        [
          0.24887493903905872,
          0.24922504597339745,
          0.2410810136827477,
          0.24079542986879957
        ],
        [
          0.24922504597339745,
          0.2512987599295095,
          0.24142695149672308,
          0.24275959589413854
        ],
        [
          0.2410810136827477,
          0.24142695149672308,
          0.25305579873938894,
          0.2280632907819068
        ],
        [
          0.24079542986879957,
          0.24275959589413854,
          0.2280632907819068,
          0.24677050229204334
        ]
      ],
      "density_matrix_imag": [
        [
          0.0,
          0.004271395148068728,
          0.05218820929975985,
          -0.04265197756518646
        ],
        [
          -0.004271395148068728,
          0.0,
          0.04446794048851923,
          -0.049111309330618635
        ],
        [
          -0.05218820929975985,
          -0.04446794048851923,
          0.0,
          -0.08536475807058216
        ],
        [
          0.04265197756518646,
          0.049111309330618635,
          0.08536475807058216,
          0.0
        ]
      ],
      "ideal_density_matrix_real": [
        [
          0.2499999999999999,
          0.2499999999999999,
          0.24596092319703025,
          0.24596092319703025
        ],
        [
          0.2499999999999999,
          0.2499999999999999,
          0.24596092319703025,
          0.24596092319703025
        ],
        [
          0.24596092319703025,
          0.24596092319703025,
          0.24999999999999992,
          0.23397420591948362
        ],
        [
          0.24596092319703025,
          0.24596092319703025,
          0.23397420591948362,
          0.24999999999999992
        ]
      ],
      "ideal_density_matrix_imag": [
        [
          0.0,
          0.0,
          0.04475739335645603,
          -0.04475739335645603
        ],
        [
          0.0,
          0.0,
          0.04475739335645603,
          -0.04475739335645603
        ],
        [
          -0.04475739335645603,
          -0.04475739335645603,
          3.0110703375030944e-18,
          -0.08806855831877246
        ],
        [
          0.04475739335645603,
          0.04475739335645603,
          0.08806855831877246,
          -3.0110703375030944e-18
        ]
      ],
      "concurrence": 0.19335604668385056,
      "state_fidelity": 0.9884641122416084
    },
    "C_plus": {
      "model": "BHZ",
      "loop": "C_plus",
      "input_a": "+",
      "input_b": "+",
      "pauli_expectations": {
        "II": 1.0,
        "IX": 0.939453125,
        "IY": 0.3684895833333333,
        "IZ": 0.0185546875,
        "XI": 1.0,
        "XX": 0.9375,
        "XY": 0.38525390625,
        "XZ": 0.02783203125,
        "YI": 0.0,
        "YX": -0.00244140625,
        "YY": -0.03955078125,
        "YZ": 0.00439453125,
        "ZI": 0.0021158854166666665,
        "ZX": 0.025390625,
        "ZY": 0.00244140625,
        "ZZ": -0.00244140625
      },
      "density_matrix_real": [
        [
          0.26113362836901105,
          0.23301152423308014,
          0.2514042743623667,
          0.23466810884484673
        ],
        [
          0.23301152423308014,
          0.24418759611886295,
          0.221302402755435,
          0.24124743666752174
        ],
        [
          0.2514042743623667,
          0.221302402755435,
          0.2511448635381013,
          0.22588401732886942
        ],
        [
          0.23466810884484673,
          0.24124743666752174,
          0.22588401732886942,
          0.2435339119740248
        ]
      ],
      "density_matrix_imag": [
        [
          0.0,
          -0.09155978511003209,
          0.001005233799704804,
          -0.09217761393485238
        ],
        [
          0.09155978511003209,
          0.0,
          0.09447061030377375,
          0.00012196629875591697
        ],
        [
          -0.001005233799704804,
          -0.09447061030377375,
          0.0,
          -0.08917826824024823
        ],
        [
          0.09217761393485238,
          -0.00012196629875591697,
          0.08917826824024823,
          0.0
        ]
      ],
      "ideal_density_matrix_real": [
        [
          0.24999999999999992,
          0.23397420591948362,
          0.24999999999999992,
          0.23397420591948362
        ],
        [
          0.23397420591948362,
          0.24999999999999992,
          0.23397420591948362,
          0.24999999999999992
        ],
        [
          0.24999999999999992,
          0.23397420591948362,
          0.24999999999999992,
          0.23397420591948362
        ],
        [
          0.23397420591948362,
          0.24999999999999992,
          0.23397420591948362,
          0.24999999999999992
        ]
      ],
      "ideal_density_matrix_imag": [
        [
          3.0110703375030944e-18,
          -0.08806855831877246,
          3.0110703375030944e-18,
          -0.08806855831877246
        ],
        [
          0.08806855831877246,
          -3.0110703375030944e-18,
          0.08806855831877246,
          -3.0110703375030944e-18
        ],
        [
          3.0110703375030944e-18,
          -0.08806855831877246,
          3.0110703375030944e-18,
          -0.08806855831877246
        ],
        [
          0.08806855831877246,
          -3.0110703375030944e-18,
          0.08806855831877246,
          -3.0110703375030944e-18
        ]
      ],
      "concurrence": 0.011520045498510056,
      "state_fidelity": 0.9891463461598498
    },
    "C_minus": {
      "model": "BHZ",
      "loop": "C_minus",
      "input_a": "+",
      "input_b": "+",
      "pauli_expectations": {
        "II": 1.0,
        "IX": 0.9368489583333334,
        "IY": -0.0009765625,
        "IZ": -0.0017903645833333333,
        "XI": 0.9402669270833334,
        "XX": 1.0,
        "XY": -0.015625,
        "XZ": 0.0068359375,
        "YI": -0.009440104166666666,
        "YX": 0.0087890625,
        "YY": 0.01025390625,
        "YZ": 0.330078125,
        "ZI": -0.004069010416666667,
        "ZX": -0.03125,
        "ZY": 0.3310546875,
        "ZZ": -0.0205078125
      },
      "density_matrix_real": [
        [
          0.2421894650742808,
          0.22459558504952626,
          0.2332742269698738,
          0.24431695258070973
        ],
        [
          0.22459558504952626,
          0.2532188881788512,
          0.24923598120044882,
          0.2305666021378062
        ],
        [
          0.2332742269698738,
          0.24923598120044882,
          0.2570216876380053,
          0.23672799925122753
        ],
        [
          0.24431695258070973,
          0.2305666021378062,
          0.23672799925122753,
          0.24756995910886254
        ]
      ],
      "density_matrix_imag": [
        [
          0.0,
          -0.08105729159338623,
          -0.07924614596863565,
          0.0012115330068066467
        ],
        [
          0.08105729159338623,
          0.0,
          -0.003977028300791795,
          0.08243051884869201
        ],
        [
          0.07924614596863565,
          0.003977028300791795,
          0.0,
          0.08306018909359746
        ],
        [
          -0.0012115330068066467,
          -0.08243051884869201,
          -0.08306018909359746,
          0.0
        ]
      ],
      "ideal_density_matrix_real": [
        [
          0.24999999999999992,
          0.23397420591948362,
          0.23397420591948362,
          0.24999999999999992
        ],
        [
          0.23397420591948362,
          0.24999999999999992,
          0.24999999999999992,
          0.23397420591948362
        ],
        [
          0.23397420591948362,
          0.24999999999999992,
          0.24999999999999992,
          0.23397420591948362
        ],
        [
          0.24999999999999992,
          0.23397420591948362,
          0.23397420591948362,
          0.24999999999999992
        ]
      ],
      "ideal_density_matrix_imag": [
        [
          3.0110703375030944e-18,
          -0.08806855831877246,
          -0.08806855831877246,
          3.0110703375030944e-18
        ],
        [
          0.08806855831877246,
          -3.0110703375030944e-18,
          -3.0110703375030944e-18,
          0.08806855831877246
        ],
        [
          0.08806855831877246,
          -3.0110703375030944e-18,
          -3.0110703375030944e-18,
          0.08806855831877246
        ],
        [
          3.0110703375030944e-18,
          -0.08806855831877246,
          -0.08806855831877246,
          3.0110703375030944e-18
        ]
      ],
      "concurrence": 0.32030287458287954,
      "state_fidelity": 0.987090140057193
    }
  },
  "SSH": {
    "CL": {
      "model": "SSH",
      "loop": "CL",
      "input_a": "+",
      "input_b": "+",
      "pauli_expectations": {
        "II": 1.0,
        "IX": 0.9645182291666666,
        "IY": -0.18229166666666666,
        "IZ": -0.041015625,
        "XI": 0.9837239583333334,
        "XX": 0.9765625,
        "XY": -0.1826171875,
        "XZ": -0.01611328125,
        "YI": 0.06656901041666667,
        "YX": 0.06396484375,
        "YY": 0.02783203125,
        "YZ": -0.1904296875,
        "ZI": 0.005696614583333333,
        "ZX": -0.04638671875,
        "ZY": -0.173828125,
        "ZZ": -0.044921875
      },
      "density_matrix_real": [
        [
          0.22959484077990167,
          0.22825296040542525,
          0.2384464650083291,
          0.23593849328222305
        ],
        [
          0.22825296040542525,
          0.2712225249946991,
          0.24911217201536595,
          0.24805865452010673
        ],
        [
          0.2384464650083291,
          0.24911217201536595,
          0.251570133454584,
          0.2491249611125198
        ],
        [
          0.23593849328222305,
          0.24805865452010673,
          0.2491249611125198,
          0.24761250077081548
        ]
      ],
      "density_matrix_imag": [
        [
          0.0,
          0.08820182320956635,
          0.029921237872099764,
          0.030441954874996166
        ],
        [
          -0.08820182320956635,
          0.0,
          -0.06194662778433396,
          -0.06327330435866999
        ],
        [
          -0.029921237872099764,
          0.06194662778433396,
          0.0,
          0.000726259507696057
        ],
        [
          -0.030441954874996166,
          0.06327330435866999,
          -0.000726259507696057,
          0.0
        ]
      ],
      "ideal_density_matrix_real": [
        [
          0.22845261372642384,
          0.23230053760690117,
          0.23704150906533888,
          0.23704150906533888
        ],
        [
          0.23230053760690117,
          0.27154738627357594,
          0.2529917798552817,
          0.2529917798552817
        ],
        [
          0.23704150906533888,
          0.2529917798552817,
          0.2499999999999999,
          0.2499999999999999
        ],
        [
          0.23704150906533888,
          0.2529917798552817,
          0.2499999999999999,
          0.2499999999999999
        ]
      ],
      "ideal_density_matrix_imag": [
        [
          7.879313252910811e-19,
          0.08984525792896328,
          0.030405203693328456,
          0.030405203693328456
        ],
        [
          -0.08984525792896328,
          1.639966614362884e-18,
          -0.06230574527321403,
          -0.06230574527321403
        ],
        [
          -0.030405203693328456,
          0.06230574527321403,
          0.0,
          0.0
        ],
        [
          -0.030405203693328456,
          0.06230574527321403,
          0.0,
          0.0
        ]
      ],
      "concurrence": 0.18387306025133074,
      "state_fidelity": 0.9930877405054738
    },
    "CR": {
      "model": "SSH",
      "loop": "CR",
      "input_a": "+",
      "input_b": "+",
      "pauli_expectations": {
        "II": 1.0,
        "IX": 0.9656575520833334,
        "IY": -0.18212890625,
        "IZ": -0.045572916666666664,
        "XI": 0.97802734375,
        "XX": 0.98193359375,
        "XY": -0.177734375,
        "XZ": -0.02001953125,
        "YI": -0.06380208333333333,
        "YX": -0.0693359375,
        "YY": -0.072265625,
        "YZ": 0.18505859375,
        "ZI": 0.015787760416666668,
        "ZX": 0.0361328125,
        "ZY": 0.158203125,
        "ZZ": 0.04541015625
      },
      "density_matrix_real": [
        [
          0.25673001063448353,
          0.2468960115097652,
          0.23571080244307702,
          0.25535574147743073
        ],
        [
          0.2468960115097652,
          0.2514617268361281,
          0.22452468387746688,
          0.24647905810800552
        ],
        [
          0.23571080244307702,
          0.22452468387746688,
          0.22148564760686176,
          0.2292185046134066
        ],
        [
          0.25535574147743073,
          0.24647905810800552,
          0.2292185046134066,
          0.2703226149225274
        ]
      ],
      "density_matrix_imag": [
        [
          0.0,
          0.0039864056268650045,
          -0.029131387782304594,
          0.061023653433360164
        ],
        [
          -0.0039864056268650045,
          0.0,
          -0.02700962753389411,
          0.05977372172424987
        ],
        [
          0.029131387782304594,
          0.02700962753389411,
          0.0,
          0.08440023177298889
        ],
        [
          -0.061023653433360164,
          -0.05977372172424987,
          -0.08440023177298889,
          0.0
        ]
      ],
      "ideal_density_matrix_real": [
        [
          0.2499999999999999,
          0.2499999999999999,
          0.23704150906533888,
          0.2529917798552817
        ],
        [
          0.2499999999999999,
          0.2499999999999999,
          0.23704150906533888,
          0.2529917798552817
        ],
        [
          0.23704150906533888,
          0.23704150906533888,
          0.22845261372642384,
          0.23230053760690117
        ],
        [
          0.2529917798552817,
          0.2529917798552817,
          0.23230053760690117,
          0.27154738627357594
        ]
      ],
      "ideal_density_matrix_imag": [
        [
          0.0,
          0.0,
          -0.030405203693328456,
          0.06230574527321403
        ],
        [
          0.0,
          0.0,
          -0.030405203693328456,
          0.06230574527321403
        ],
        [
          0.030405203693328456,
          0.030405203693328456,
          7.879313252910811e-19,
          0.08984525792896328
        ],
        [
          -0.06230574527321403,
          -0.06230574527321403,
          -0.08984525792896328,
          1.639966614362884e-18
        ]
      ],
      "concurrence": 0.18740585980130578,
      "state_fidelity": 0.9867381058220287
    },
    "Cdiag": {
      "model": "SSH",
      "loop": "Cdiag",
      "input_a": "+",
      "input_b": "+",
      "pauli_expectations": {
        "II": 1.0,
        "IX": 0.9586588541666666,
        "IY": -0.23486328125,
        "IZ": -0.061197916666666664,
        "XI": 0.990234375,
        "XX": 0.9638671875,
        "XY": -0.2412109375,
        "XZ": -0.08935546875,
        "YI": 0.0439453125,
        "YX": 0.0478515625,
        "YY": 0.00244140625,
        "YZ": -0.14501953125,
        "ZI": -0.001953125,
        "ZX": -0.033203125,
        "ZY": -0.14208984375,
        "ZZ": -0.00927734375
      },
      "density_matrix_real": [
        [
          0.22981829172123816,
          0.22818075543821925,
          0.22322454211885126,
          0.2383107141185664
        ],
        [
          0.22818075543821925,
          0.27004576157492954,
          0.2390172530939392,
          0.2626784677081689
        ],
        [
          0.22322454211885126,
          0.2390172530939392,
          0.23556604139057657,
          0.24512272793852916
        ],
        [
          0.2383107141185664,
          0.2626784677081689,
          0.24512272793852916,
          0.26456990531325575
        ]
      ],
      "density_matrix_imag": [
        [
          0.0,
          0.09225962440416088,
          0.02478602038533357,
          0.048827383008075056
        ],
        [
          -0.09225962440416088,
          0.0,
          -0.06986522982625118,
          -0.048025460313346036
        ],
        [
          -0.02478602038533357,
          0.06986522982625118,
          0.0,
          0.02428501954682627
        ],
        [
          -0.048827383008075056,
          0.048025460313346036,
          -0.02428501954682627,
          0.0
        ]
      ],
      "ideal_density_matrix_real": [
        [
          0.22845261372642384,
          0.23230053760690117,
          0.23544874439093635,
          0.2366101563289439
        ],
        [
          0.23230053760690117,
          0.27154738627357594,
          0.24781344803250127,
          0.2596592537153821
        ],
        [
          0.23544874439093635,
          0.24781344803250127,
          0.24465555809292097,
          0.24838757433474365
        ],
        [
          0.2366101563289439,
          0.2596592537153821,
          0.24838757433474365,
          0.255344441907079
        ]
      ],
      "ideal_density_matrix_imag": [
        [
          1.3274368877932214e-18,
          0.08984525792896332,
          0.021356274809906255,
          0.04847410727573975
        ],
        [
          -0.08984525792896332,
          1.972120902357237e-18,
          -0.0708806906828545,
          -0.043762858217021
        ],
        [
          -0.02135627480990625,
          0.0708806906828545,
          5.488877429551451e-19,
          0.027839717254384118
        ],
        [
          -0.048474107275739746,
          0.043762858217021,
          -0.027839717254384118,
          1.4794657014923435e-18
        ]
      ],
      "concurrence": 0.1375225314603504,
      "state_fidelity": 0.9894026433038547
    },
    "Canti": {
      "model": "SSH",
      "loop": "Canti",
      "input_a": "+",
      "input_b": "+",
      "pauli_expectations": {
        "II": 1.0,
        "IX": 0.9363606770833334,
        "IY": 0.019856770833333332,
        "IZ": -0.007161458333333333,
        "XI": 0.92919921875,
        "XX": 0.99267578125,
        "XY": 0.0146484375,
        "XZ": 0.03271484375,
        "YI": 0.12190755208333333,
        "YX": 0.12060546875,
        "YY": 0.05908203125,
        "YZ": -0.34033203125,
        "ZI": -0.004557291666666667,
        "ZX": 0.00341796875,
        "ZY": -0.3525390625,
        "ZZ": -0.03955078125
      },
      "density_matrix_real": [
        [
          0.2363513726534944,
          0.233412397697122,
          0.23924433079904356,
          0.2320506842197918
        ],
        [
          0.233412397697122,
          0.2620440254023202,
          0.25912873639291806,
          0.22276418863991
        ],
        [
          0.23924433079904356,
          0.25912873639291806,
          0.25984631928235447,
          0.23212846174850552
        ],
        [
          0.2320506842197918,
          0.22276418863991,
          0.23212846174850552,
          0.2417582826618309
        ]
      ],
      "density_matrix_imag": [
        [
          0.0,
          0.08160498475422306,
          0.055260994253532675,
          -0.0335517684397969
        ],
        [
          -0.08160498475422306,
          0.0,
          -0.02673529567161307,
          -0.11519378747661659
        ],
        [
          -0.055260994253532675,
          0.02673529567161307,
          0.0,
          -0.09240300237485921
        ],
        [
          0.0335517684397969,
          0.11519378747661659,
          0.09240300237485921,
          0.0
        ]
      ],
      "ideal_density_matrix_real": [
        [
          0.22976492561275588,
          0.23400540285549448,
          0.2375114616568504,
          0.23327098441411181
        ],
        [
          0.23400540285549448,
          0.2702350743872438,
          0.2630505276631538,
          0.22682085613140446
        ],
        [
          0.2375114616568504,
          0.2630505276631538,
          0.2595444688617979,
          0.23400540285549448
        ],
        [
          0.23327098441411181,
          0.22682085613140446,
          0.23400540285549448,
          0.2404555311382018
        ]
      ],
      "ideal_density_matrix_imag": [
        [
          -1.727966768341053e-18,
          0.08562717558684492,
          0.056767254318486386,
          -0.028859921268358533
        ],
        [
          -0.08562717558684492,
          -2.0821281573465884e-19,
          -0.03069916522972558,
          -0.11632634081657049
        ],
        [
          -0.05676725431848638,
          0.03069916522972558,
          -7.901822423597239e-19,
          -0.08746641954821195
        ],
        [
          0.02885992126835853,
          0.11632634081657049,
          0.08746641954821195,
          -3.430004839546739e-18
        ]
      ],
      "concurrence": 0.3444785912879065,
      "state_fidelity": 0.9946534746692988
    }
  },
  "BBH": {
    "Cx": {
      "model": "BBH",
      "loop": "Cx",
      "input_a": "+",
      "input_b": "+",
      "pauli_expectations": {
        "II": 1.0,
        "IX": 1.0,
        "IY": 0.0022786458333333335,
        "IZ": -0.00146484375,
        "XI": -0.041178385416666664,
        "XX": -0.041015625,
        "XY": 0.021484375,
        "XZ": 0.01513671875,
        "YI": 0.9990234375,
        "YX": 0.99951171875,
        "YY": -0.00830078125,
        "YZ": -0.01611328125,
        "ZI": 0.005859375,
        "ZX": 0.01806640625,
        "ZY": -0.0009765625,
        "ZZ": -0.00537109375
      },
      "density_matrix_real": [
        [
          0.2511294219483202,
          0.25126741608316405,
          -0.006778821155372528,
          -0.009752593465422121
        ],
        [
          0.25126741608316405,
          0.2525907560946063,
          -0.01197996128329265,
          -0.01201630391246776
        ],
        [
          -0.006778821155372528,
          -0.01197996128329265,
          0.24714610610529744,
          0.24318065542218675
        ],
        [
          -0.009752593465422121,
          -0.01201630391246776,
          0.24318065542218675,
          0.24913371585177607
        ]
      ],
      "density_matrix_imag": [
        [
          0.0,
          0.0017586632527045063,
          -0.2431588579732736,
          -0.24974788316334268
        ],
        [
          -0.0017586632527045063,
          0.0,
          -0.24210369167012336,
          -0.2502498099758718
        ],
        [
          0.2431588579732736,
          0.24210369167012336,
          0.0,
          -0.0009159067736238696
        ],
        [
          0.24974788316334268,
          0.2502498099758718,
          0.0009159067736238696,
          0.0
        ]
      ],
      "ideal_density_matrix_real": [
        [
          0.24999999999999992,
          0.24998750010416623,
          -0.004800623225423204,
          -0.0072998805753221934
        ],
        [
          0.24998750010416623,
          0.24999999999999992,
          -0.0072998805753221934,
          -0.0097984079432469
        ],
        [
          -0.004800623225423204,
          -0.0072998805753221934,
          0.24999999999999992,
          0.24998750010416623
        ],
        [
          -0.0072998805753221934,
          -0.0097984079432469,
          0.24998750010416623,
          0.24999999999999992
        ]
      ],
      "ideal_density_matrix_imag": [
        [
          3.3689481403741114e-18,
          0.0024999583335416275,
          -0.24995390378357263,
          -0.24989340076037622
        ],
        [
          -0.0024999583335416414,
          2.697846004519591e-18,
          -0.24989340076037622,
          -0.24980790860534755
        ],
        [
          0.24995390378357263,
          0.24989340076037622,
          -3.3689481403741114e-18,
          -0.0024999583335416275
        ],
        [
          0.24989340076037622,
          0.24980790860534755,
          0.0024999583335416414,
          -2.697846004519591e-18
        ]
      ],
      "concurrence": 0.012496985346686456,
      "state_fidelity": 0.9902496169965306
    },
    "Cy": {
      "model": "BBH",
      "loop": "Cy",
      "input_a": "+",
      "input_b": "+",
      "pauli_expectations": {
        "II": 1.0,
        "IX": -0.08235677083333333,
        "IY": 0.9957682291666666,
        "IZ": -0.005859375,
        "XI": 1.0,
        "XX": -0.0849609375,
        "XY": 0.9951171875,
        "XZ": -0.0126953125,
        "YI": -0.007486979166666667,
        "YX": -0.0126953125,
        "YY": -0.01953125,
        "YZ": -0.01123046875,
        "ZI": 0.005045572916666667,
        "ZX": -0.0087890625,
        "ZY": 0.03076171875,
        "ZZ": -0.01708984375
      },
      "density_matrix_real": [
        [
          0.24623240583751468,
          -0.020577333407602354,
          0.24523106134963502,
          -0.017811215081254245
        ],
        [
          -0.020577333407602354,
          0.2592753352533064,
          -0.025680044181080136,
          0.25012082048125417
        ],
        [
          0.24523106134963502,
          -0.025680044181080136,
          0.24957245470777445,
          -0.01862744130305863
        ],
        [
          -0.017811215081254245,
          0.25012082048125417,
          -0.01862744130305863,
          0.24491980420140433
        ]
      ],
      "density_matrix_imag": [
        [
          0.0,
          -0.25166013590266006,
          0.004421101283873843,
          -0.2431423671490994
        ],
        [
          0.25166013590266006,
          0.0,
          0.24909026701981643,
          0.0010126604452182116
        ],
        [
          -0.004421101283873843,
          -0.24909026701981643,
          0.0,
          -0.23927834062197195
        ],
        [
          0.2431423671490994,
          -0.0010126604452182116,
          0.23927834062197195,
          0.0
        ]
      ],
      "ideal_density_matrix_real": [
        [
          0.24999999999999997,
          -0.02227135423411471,
          0.24999999999999997,
          -0.02227135423411471
        ],
        [
          -0.02227135423411471,
          0.24999999999999992,
          -0.02227135423411471,
          0.24999999999999992
        ],
        [
          0.24999999999999997,
          -0.02227135423411471,
          0.24999999999999997,
          -0.02227135423411471
        ],
        [
          -0.02227135423411471,
          0.24999999999999992,
          -0.02227135423411471,
          0.24999999999999992
        ]
      ],
      "ideal_density_matrix_imag": [
        [
          5.167020800981482e-18,
          -0.24900599747913413,
          5.167020800981482e-18,
          -0.24900599747913413
        ],
        [
          0.24900599747913413,
          6.147639156978104e-18,
          0.24900599747913413,
          6.147639156978104e-18
        ],
        [
          5.167020800981482e-18,
          -0.24900599747913413,
          5.167020800981482e-18,
          -0.24900599747913413
        ],
        [
          0.24900599747913413,
          6.147639156978104e-18,
          0.24900599747913413,
          6.147639156978104e-18
        ]
      ],
      "concurrence": 0.017296047599254148,
      "state_fidelity": 0.99099048382168
    },
    "Cdiag": {
      "model": "BBH",
      "loop": "Cdiag",
      "input_a": "+",
      "input_b": "+",
      "pauli_expectations": {
        "II": 1.0,
        "IX": 0.9982096354166666,
        "IY": -0.0022786458333333335,
        "IZ": -0.006673177083333333,
        "XI": 0.9988606770833334,
        "XX": 1.0,
        "XY": 0.015625,
        "XZ": 0.02099609375,
        "YI": -0.006998697916666667,
        "YX": -0.015625,
        "YY": -0.00830078125,
        "YZ": -0.0712890625,
        "ZI": 0.009440104166666666,
        "ZX": -0.00048828125,
        "ZY": -0.0595703125,
        "ZZ": -0.01513671875
      },
      "density_matrix_real": [
        [
          0.24940098980967051,
          0.2460471789727455,
          0.248613429397612,
          0.24687921304858718
        ],
        [
          0.2460471789727455,
          0.25496610251791113,
          0.24488153779575655,
          0.24135526088426937
        ],
        [
          0.248613429397612,
          0.24488153779575655,
          0.2504257113754857,
          0.24586947062336778
        ],
        [
          0.24687921304858718,
          0.24135526088426937,
          0.24586947062336778,
          0.2452071962969321
        ]
      ],
      "density_matrix_imag": [
        [
          0.0,
          0.01478330019158821,
          0.01827966912350369,
          0.0012782809762041712
        ],
        [
          -0.01478330019158821,
          0.0,
          0.006776837543842748,
          -0.015393748632214151
        ],
        [
          -0.01827966912350369,
          -0.006776837543842748,
          0.0,
          -0.015859630145690043
        ],
        [
          -0.0012782809762041712,
          0.015393748632214151,
          0.015859630145690043,
          0.0
        ]
      ],
      "ideal_density_matrix_real": [
        [
          0.2499999999999999,
          0.2495501349838009,
          0.2495501349838009,
          0.2499999999999999
        ],
        [
          0.2495501349838009,
          0.24999999999999986,
          0.24999999999999986,
          0.2495501349838009
        ],
        [
          0.2495501349838009,
          0.24999999999999986,
          0.24999999999999986,
          0.2495501349838009
        ],
        [
          0.2499999999999999,
          0.2495501349838009,
          0.2495501349838009,
          0.2499999999999999
        ]
      ],
      "ideal_density_matrix_imag": [
        [
          3.511231675683135e-19,
          0.014991001619861142,
          0.014991001619861142,
          -1.3822127146550141e-18
        ],
        [
          -0.014991001619861144,
          4.931399053495618e-19,
          4.931399053495618e-19,
          -0.014991001619861145
        ],
        [
          -0.014991001619861144,
          4.931399053495618e-19,
          4.931399053495618e-19,
          -0.014991001619861145
        ],
        [
          2.0858466435451206e-18,
          0.014991001619861144,
          0.014991001619861144,
          3.5251076132179296e-19
        ]
      ],
      "concurrence": 0.05649485931837374,
      "state_fidelity": 0.9878679602823387
    },
    "Canti": {
      "model": "BBH",
      "loop": "Canti",
      "input_a": "+",
      "input_b": "+",
      "pauli_expectations": {
        "II": 1.0,
        "IX": 0.9993489583333334,
        "IY": 0.00341796875,
        "IZ": 0.006510416666666667,
        "XI": 0.99853515625,
        "XX": 1.0,
        "XY": -0.0048828125,
        "XZ": 0.00439453125,
        "YI": -0.005696614583333333,
        "YX": -0.0126953125,
        "YY": -0.00439453125,
        "YZ": 0.07568359375,
        "ZI": 0.00927734375,
        "ZX": -0.0068359375,
        "ZY": 0.0439453125,
        "ZZ": -0.01806640625
      },
      "density_matrix_real": [
        [
          0.24915703254352764,
          0.2460817317708634,
          0.24795457875638344,
          0.2447450464750493
        ],
        [
          0.2460817317708634,
          0.2526954342842947,
          0.24540812904092657,
          0.24509181818426937
        ],
        [
          0.24795457875638344,
          0.24540812904092657,
          0.253345953826779,
          0.2465917457243303
        ],
        [
          0.2447450464750493,
          0.24509181818426937,
          0.2465917457243303,
          0.24480157934539873
        ]
      ],
      "density_matrix_imag": [
        [
          0.0,
          -0.012382063824054193,
          -0.014770353788063791,
          0.0023858300842441657
        ],
        [
          0.012382063824054193,
          0.0,
          0.002752805078241053,
          0.01859701201190855
        ],
        [
          0.014770353788063791,
          -0.002752805078241053,
          0.0,
          0.013275026201583637
        ],
        [
          -0.0023858300842441657,
          -0.01859701201190855,
          -0.013275026201583637,
          0.0
        ]
      ],
      "ideal_density_matrix_real": [
        [
          0.24999999999999986,
          0.2495501349838009,
          0.2495501349838009,
          0.24999999999999986
        ],
        [
          0.2495501349838009,
          0.2499999999999999,
          0.2499999999999999,
          0.2495501349838009
        ],
        [
          0.2495501349838009,
          0.2499999999999999,
          0.2499999999999999,
          0.2495501349838009
        ],
        [
          0.24999999999999986,
          0.2495501349838009,
          0.2495501349838009,
          0.24999999999999986
        ]
      ],
      "ideal_density_matrix_imag": [
        [
          4.931399053495618e-19,
          -0.014991001619861144,
          -0.014991001619861145,
          4.931399053495618e-19
        ],
        [
          0.014991001619861142,
          3.511231675683135e-19,
          -1.3822127146550141e-18,
          0.014991001619861142
        ],
        [
          0.014991001619861144,
          2.0858466435451206e-18,
          3.5251076132179296e-19,
          0.014991001619861144
        ],
        [
          4.931399053495618e-19,
          -0.014991001619861144,
          -0.014991001619861145,
          4.931399053495618e-19
        ]
      ],
      "concurrence": 0.05180353778771669,
      "state_fidelity": 0.9888193189194723
    }
  }
}